349
287
182
523
354
571
571
287
557
382
169
170
287
182
354
266
112
362
349
386
71
169
96
287
378
79
287
321
287
571
417
349
112
358
166
169
287
321
571
287
349
349
287
287
349
382
278
452
540
349
287
287
287
169
349
29
382
378
287
428
571
172
472
569
169
557
349
287
129
59
571
382
287
349
28
266
112
523
28
287
384
452
325
571
278
278
329
287
28
28
156
196
278
349
439
349
287
571
523
212
96
349
349
121
169
349
278
28
384
138
169
79
571
96
349
287
266
349
287
378
28
349
287
112
28
349
79
452
571
439
172
329
88
523
238
349
96
28
287
349
428
287
349
79
349
287
169
169
287
304
571
266
169
287
383
79
117
540
287
540
571
287
138
358
40
452
428
234
349
287
287
28
440
571
349
571
129
349
79
571
287
8
28
28
428
28
349
383
287
136
117
349
169
349
479
349
28
349
526
266
117
266
390
571
266
117
184
349
96
571
349
287
287
278
571
138
117
417
121
28
382
540
540
523
169
382
266
243
571
96
523
117
287
28
169
28
121
390
287
523
349
349
138
287
96
349
349
349
138
383
384
169
428
569
349
375
138
313
121
287
96
96
526
383
287
349
169
428
287
349
158
349
172
138
266
540
287
166
83
83
138
28
439
358
287
278
169
94
112
571
287
382
121
390
287
117
349
129
349
28
349
382
571
212
358
121
382
138
8
170
287
546
28
390
169
209
287
121
287
349
121
349
349
287
349
201
313
382
182
410
172
571
349
571
382
287
428
29
169
96
184
266
169
349
569
169
287
228
329
349
428
349
170
129
349
278
172
349
428
349
349
287
349
169
287
169
40
184
571
287
452
287
222
287
266
452
28
166
287
138
571
252
349
523
129
28
28
287
571
287
138
287
384
28
349
287
266
287
182
439
28
571
243
172
138
287
26
349
553
184
287
138
428
243
138
215
571
349
32
287
28
349
287
138
79
28
349
287
170
349
313
349
287
212
549
130
243
182
28
96
321
349
349
571
349
523
383
266
349
349
571
28
245
28
182
349
349
88
523
521
313
287
266
428
287
121
26
287
138
28
138
280
540
287
287
26
287
117
523
28
287
287
428
170
349
88
287
28
349
287
523
349
523
428
287
287
243
138
169
383
571
428
349
287
121
287
349
349
287
349
349
266
287
117
266
79
129
370
571
349
313
243
28
29
28
117
138
287
287
349
121
28
287
358
28
287
349
349
287
571
400
329
382
245
169
287
349
287
216
349
117
329
383
349
287
278
117
349
169
571
400
170
169
428
287
28
11
28
287
565
166
571
287
400
304
287
452
28
266
169
571
138
169
29
129
287
8
472
212
287
28
479
321
169
287
252
540
169
287
28
287
79
521
28
571
28
138
287
121
121
313
170
278
121
287
358
382
287
287
329
571
523
571
94
571
169
287
449
287
59
28
287
349
287
138
287
349
329
266
26
138
129
170
321
117
28
28
169
136
96
349
287
245
358
169
287
96
349
358
546
278
410
121
37
166
169
287
439
28
8
169
287
212
166
266
287
287
571
287
138
349
571
112
121
571
428
481
117
571
182
571
523
182
32
571
28
96
121
287
169
32
571
428
170
28
209
266
138
28
252
569
138
329
170
287
287
287
8
121
571
28
287
382
349
28
313
313
349
378
172
349
523
571
138
287
347
571
166
28
270
169
349
212
358
571
349
138
349
169
169
112
287
523
557
28
349
287
28
349
212
166
349
28
28
565
287
287
382
452
278
287
349
287
169
412
287
349
169
287
287
287
287
349
349
382
28
571
313
270
349
138
170
212
117
349
138
412
169
243
96
287
571
287
138
79
212
212
166
349
287
520
26
287
428
169
79
349
384
182
121
349
117
523
287
28
117
571
523
96
28
287
149
349
313
287
266
384
245
325
169
28
129
169
96
287
349
424
169
59
212
212
166
349
378
170
349
571
565
287
266
28
287
287
28
266
88
169
121
96
182
329
428
329
571
571
571
287
349
138
59
287
571
28
287
138
28
349
571
557
452
375
349
28
292
349
571
169
121
212
169
26
571
28
237
28
571
287
287
28
349
358
287
428
287
349
410
325
349
349
287
349
571
166
383
571
481
28
138
383
569
70
63
383
8
439
321
79
129
571
121
37
28
28
304
571
349
452
28
571
571
212
79
212
382
121
287
349
571
182
375
287
121
28
56
304
287
138
169
170
165
287
287
571
8
384
329
287
287
266
349
184
243
428
287
349
287
287
28
287
28
384
349
138
182
129
349
266
523
79
170
