170
170
442
158
28
139
70
15124
158
384
29
15070
170
15582
170
170
178
139
121
28
35
588
11812
170
121
29
29
549
35
4996
492
223
170
29
70
492
11064
15205
28
16377
158
569
442
28
139
70
158
139
121
121
94
29
170
158
314
384
384
15582
9340
442
358
417
17627
440
29
28
121
139
158
15124
35
28
2372
35
139
29
17169
508
139
35
28
16384
29
442
139
139
384
94
16128
417
121
158
70
121
440
28
139
158
139
384
29
442
384
121
442
158
139
121
16377
139
170
139
560
170
442
442
15582
29
384
158
139
170
139
158
384
139
70
14313
139
2372
35
70
35
442
170
44
11812
314
116
549
442
14313
549
442
70
158
492
358
139
158
139
17
549
14621
28
384
139
15205
139
440
549
158
29
15582
588
139
158
158
5496
35
158
121
550
29
15582
139
29
5496
121
11812
70
5496
158
492
534
560
170
158
886
11812
70
384
24
139
158
384
28
139
139
158
158
28
139
158
158
139
139
29
68
116
442
70
158
70
170
158
70
121
442
442
158
29
28
139
139
158
28
440
158
139
442
139
15582
158
139
29
139
442
139
15124
14313
158
549
549
121
16377
139
588
15124
158
442
29
384
158
170
158
170
44
79
158
158
158
549
588
158
139
6972
139
116
10947
28
442
28
139
16384
158
158
550
2372
560
11064
170
116
158
442
121
29
14313
14313
384
3938
158
121
15070
442
158
549
560
28
569
70
139
121
139
384
94
121
492
169
384
384
139
139
442
116
158
15124
17169
28
29
170
2372
170
139
11812
223
35
442
16377
139
94
35
560
35
554
139
121
158
139
442
549
17169
139
116
29
139
121
6972
170
139
442
139
11812
18
508
29
1962
11812
442
121
28
139
158
384
28
492
139
17169
442
17169
139
158
442
170
11064
139
29
158
139
28
29
18
14313
158
158
139
3938
549
442
17169
11812
139
139
158
139
139
29
121
314
139
121
121
28
139
79
384
121
70
11812
29
121
12293
314
384
35
158
158
28
121
170
94
384
15070
70
442
442
417
28
29
158
158
29
549
12232
158
158
158
28
15582
29
158
158
139
28
5991
35
121
121
16384
18
139
70
139
15124
14313
158
139
442
29
158
358
139
170
28
70
29
35
139
15205
550
15124
116
2372
358
121
384
11812
442
510
442
5496
17169
534
384
384
121
121
158
3938
28
384
121
14621
139
139
442
170
70
121
15124
549
139
17
442
121
442
28
28
442
28
6972
170
29
492
139
158
29
170
139
158
15070
139
139
549
139
94
121
442
5496
15582
15124
28
440
139
139
170
384
29
139
384
158
28
28
158
158
442
158
28
417
28
139
384
28
158
158
384
121
11064
158
12293
8644
139
442
29
94
15124
70
158
158
158
70
16954
121
139
70
29
139
29
158
94
17
70
158
170
116
158
139
14313
139
158
139
18
121
139
139
121
70
170
70
29
139
158
17
158
15124
35
139
5496
29
158
158
16128
15124
384
28
70
121
28
139
116
11607
139
442
29
170
121
139
15124
29
139
170
28
588
158
15124
442
121
172
11812
28
384
139
28
170
170
492
121
139
70
492
158
6972
442
384
28
139
139
5496
121
549
158
29
16954
28
121
442
442
14313
139
28
442
442
15124
549
29
139
28
158
158
442
158
28
15582
2372
139
16377
417
29
139
28
170
16377
158
121
158
384
442
178
158
442
121
549
29
442
139
28
28
15124
29
28
158
158
121
121
15582
384
442
70
314
384
158
158
18
94
158
28
158
170
139
5496
358
384
158
15582
139
139
29
158
5496
15205
442
158
170
6972
139
139
139
139
8782
28
560
14313
12293
384
139
442
14302
28
158
29
14313
158
121
158
121
158
139
29
158
384
384
158
68
139
29
509
121
17324
158
417
139
5496
70
29
28
139
158
549
14313
442
29
172
28
139
14313
139
170
549
158
29
139
139
14313
139
6972
121
121
492
417
139
29
442
28
70
139
28
15124
139
549
70
15205
28
170
121
70
29
442
549
139
169
384
549
79
14313
2372
139
121
158
29
35
549
121
158
139
170
549
29
158
15582
121
158
11812
170
549
29
9340
10947
158
35
121
442
358
139
28
442
28
121
28
158
28
121
139
549
440
35
549
6972
14313
442
139
442
1220
158
29
139
384
158
29
121
116
121
139
28
358
94
17169
139
139
158
417
158
549
70
139
28
15582
29
139
158
139
28
384
384
158
358
17324
28
384
549
17627
384
11812
158
29
384
158
492
158
15070
121
440
121
139
1962
94
24
29
121
121
8596
158
158
417
442
384
29
139
28
11064
549
588
121
158
158
15070
121
158
158
158
442
158
158
11812
442
158
121
70
442
121
442
158
384
121
70
158
170
14313
158
29
139
15205
28
121
121
560
158
549
70
442
2372
139
170
29
28
29
440
13081
121
384
35
